Update: 2026-06-21 13:09:51.553066
Update: 2026-06-21 13:18:30.769874
Update: 2026-06-21 13:23:42.589371
